9
6
80 60 30 40 20 10
6
12 11 40 5 3 1
8
1 11 2 10 4 5 2 1
16
0 8 4 12 2 10 6 14 1 9 5 13 3 11 7 15
100
79 6 62 23 206 45 48 379 233 409 386 17 413 368 321 466 197 154 193 325 349 57 295 68 176 267 487 90 131 186 99 247 263 21 109 11 258 450 425 451 371 406 250 334 230 257 490 84 181 464 156 20 27 198 241 105 400 269 127 132 151 282 24 238 392 80 345 445 252 396 217 359 462 125 353 297 458 196 378 19 130 52 424 338 275 426 141 346 268 232 41 72 189 213 422 66 397 222 287 77 
100
2 47 30 459 447 236 324 449 223 418 300 394 157 94 477 173 163 23 434 482 384 183 9 388 151 342 79 487 146 271 62 225 452 433 232 455 166 286 320 400 486 229 485 213 53 67 440 391 263 488 393 65 197 237 55 205 491 178 379 141 268 168 303 349 407 243 296 363 247 12 120 288 87 292 424 128 99 290 371 309 204 112 307 404 476 28 489 227 129 358 156 46 297 441 161 252 111 26 284 186 
100
465 326 22 183 376 243 269 422 90 417 48 94 177 449 95 32 4 420 476 359 234 407 141 193 146 457 125 50 175 182 86 348 221 153 436 3 155 116 290 170 372 301 33 277 24 400 452 286 250 227 225 428 304 259 416 375 291 31 440 381 161 211 115 431 438 184 462 297 463 315 38 318 84 27 336 202 147 405 467 178 410 331 456 262 408 426 176 44 85 242 461 16 188 237 1 247 219 190 235 289 
100
492 420 375 474 28 49 322 309 10 320 6 397 246 177 457 221 121 349 240 267 17 262 26 429 386 368 438 218 286 184 101 472 287 200 247 352 388 4 20 356 250 140 13 147 366 5 132 119 111 308 408 487 243 496 400 212 396 55 382 73 380 210 113 237 466 266 99 377 161 27 125 22 39 43 195 326 274 47 378 252 18 131 453 259 232 143 324 336 338 355 479 273 412 436 379 421 403 126 173 112 
100
350 273 151 84 253 274 335 245 250 131 336 422 115 36 57 268 338 437 371 419 184 110 13 242 12 16 195 135 397 318 85 4 315 370 120 185 357 59 311 142 125 225 472 180 51 257 93 366 17 47 157 70 215 15 20 459 28 170 30 74 270 222 199 139 80 96 488 368 359 333 92 289 189 321 58 497 423 481 11 418 203 475 269 340 146 178 439 346 279 323 259 112 495 141 296 322 208 86 238 309 
